272 264 415 124
231 148 469 348
275 55 136 297
177 156 192 137
232 308 350 136
58 221 277 381
115 125 139 355
326 120 263 316
388 81 167 259
426 206 118 192
343 349 103 85
241 160 328 100
165 235 290 267
164 88 237 95
246 104 151 243
344 183 388 96
267 308 252 228
301 293 339 258
400 266 388 292
391 233 417 202
132 53 143 75
56 141 232 419
121 433 266 108
98 242 322 148
179 336 330 271
151 83 442 187
324 411 471 31
184 251 258 234
227 284 251 275
294 385 58 68
256 272 317 149
113 175 186 108
372 255 365 124
108 190 135 97
110 292 232 153
271 370 247 147
121 250 285 139
225 328 387 217
203 413 487 48
15 483 491 28
58 48 288 374
459 454 322 82
100 480 400 473
184 69 361 36
195 278 363 155
197 108 422 376
153 411 112 206
95 117 134 66
352 41 403 81
466 282 208 355
180 435 355 422
422 180 356 186
254 146 312 38
434 450 478 74
434 383 147 129
166 35 238 107
198 121 307 185
103 210 223 248
103 210 174 281
273 225 231 367
302 209 357 360
300 207 358 207
300 207 276 164
411 213 207 154
404 214 142 96
355 194 112 126
225 294 155 226
132 210 249 285
208 101 292 370
305 133 329 412
348 266 457 364
308 325 407 258
191 374 354 127
111 360 312 115
71 278 271 102
47 186 228 114
69 140 193 143
93 109 188 181
76 43 198 226
205 173 287 225
282 140 344 167
356 89 381 119
405 96 380 93
459 159 361 83
449 278 280 94
442 369 209 103
354 396 161 91
269 348 118 71
224 288 100 73
55 369 81 117
89 407 66 153
132 433 72 203
214 442 59 256
301 461 49 286
378 473 40 339
398 218 413 89
211 160 256 312
201 334 319 190
163 329 365 362
349 237 276 203
161 227 354 130
297 340 385 162
213 120 156 227
207 375 274 236
182 379 266 273
166 190 317 99
92 84 123 341
451 378 334 267
402 188 243 431
221 67 376 152
388 52 458 126
241 264 457 254
277 200 410 310
166 265 328 406
185 413 283 216
176 96 362 122
143 254 188 180
407 211 371 337
312 319 368 228
