SK89 1100 0000 0029 4700 5372
SK41 5600 0000 0040 4080 1003
IT93B0842502803000030861280
EE041010220071516018
IT17 H030 6905 0601 0000 0064 006
GB45 LOYD 3091 3600 1012 52
IT15W0200805219000102125005
CH30007646277427C000C
SK4809000000005167515447
SK41 5600 0000 0040 4080 1003
SA5655000000097749900113
IT37U0306905060100000300001
CZ20 0100 0001 0750 1155 0297
DE80 3005 0110 1005 4839 93
SK 72 5600 0000 0053 0720 8001
FI1410093000123458
SK76 1100 0000 0029 4246 2611
FI2112345600000786
FI21 1234 5698 7654 3210
SK05 1100 0000 0029 2388 7710
DE44412 625 01341 691 4600
CH33 0076 9016 2252 0136 5
SK77 1100 0000 0029 4106 9770
SK95 0900 0000 0003 3496 7326
DE77 1208 0000 4034 0145 00
LV32UNLA0050013935974
CZ20 0100 0001 0750 1155 0297
DE25 4005 0150 0057 5105
DE79100900002620344004
SK8965000000000020296099
UA813348510000000026007172582
SK65 5600 0000 0093 0902 8002
TR80 0006 7010 0000 0077 4809 97
FR1420041010050500013M02607
FO6264600001631634
EE382200221020145685
GE60NB0000000123456789
FR7630006000011234567890189
SK 7875 0000 0000 4028 1416 98
SK161100 0000 0029 2683 8252